Slope: 2.000
Intercept: 5.000
the n count is: 6
 x[1]: +1.000000 , y[1]:+7.000000
 x[2]: +2.000000 , y[2]:+9.000000
 x[3]: +4.000000 , y[3]:+13.000000
 x[4]: +8.000000 , y[4]:+21.000000
 x[5]: +16.000000 , y[5]:+37.000000
 x[6]: +31.000000 , y[6]:+67.000000
